1
2
3
5
6
7
9
10
13
14
15
16
17
19
21
22
23
28
29
30
31
32
34
35
36
38
41
44
45
46
48
51
53
54
55
58
59
61
62
64
66
69
70
71
73
74
76
79
80
84
85
86
87
91
92
94
96
97
99
102
103
104
108
111
112
116
121
122
129
132
133
134
135
136
137
139
143
144
145
148
150
153
156
158
160
161
162
163
164
166
168
175
177
178
179
180
185
187
188
189
192
195
196
197
199
200
201
202
203
204
205
207
208
504
505
509
511
512
514
516
517
519
520
521
522
523
525
527
529
530
531
534
536
538
539
541
545
547
550
551
553
554
555
557
559
560
562
563
565
567
568
574
576
578
581
582
585
586
588
590
591
599
605
611
612
613
615
616
618
620
624
627
628
629
630
633
636
637
641
642
645
646
648
650
652
653
654
658
660
661
663
664
665
668
670
671
674
675
676
677
678
679
681
682
683
687
688
691
692
695
699
700
701
702
703
704
705
708
709
711
712
719
721
726
727
732
733
734
735
737
740
744
747
749
750
751
753
754
756
757
758
759
761
765
772
774
775
776
777
779
780
781
782
784
791
792
793
794
797
798
799
800
801
802
803
804
805
806
807
808
809
810
811
812
813
814
815
816
817
821
822
825
827
828
831
833
834
835
836
837
841
842
843
844
845
846
847
848
849
850
852
858
860
862
863
865
867
868
869
871
873
876
877
879
881
882
883
885
887
893
894
896
897
898
901
902
905
906
911
912
915
919
921
922
924
925
930
931
933
934
935
936
937
938
943
944
947
950
951
953
954
955
957
959
964
966
967
968
969
971
972
973
974
977
980
981
983
984
985
986
987
989
990
991
992
993
994
995
997
998
999
1000
1001
1002
1003
1004
1005
1006
1007
1008
1009
1010
1011
1012
1013
1014
1015
1016
1017
1018
1019
1020
1021
1022
1023
1024
1025
1027
1028
1029
1030
1031
1032
1033
1034
1035
1036
1037
1038
1039
1040
1041
1042
1043
1044
1045
1046
1047
1048
1049
1050
1051
1052
1053
1054
1055
1057
1058
1059
1060
1062
1063
1064
1065
1066
1067
1068
1069
1070
1072
1073
1074
1075
1076
1077
1080
1081
1082
1083
1084
1085
1086
1087
1088
1089
1090
1091
1092
1093
1094
1095
1096
1098
1099
1100
1101
1102
1103
1104
1105
1106
1107
1108
1109
1110
1111
1112
1113
1114
1117
1118
1120
1122
1123
1125
1126
1127
1128
1135
1137
1140
1142
1143
1144
1145
1146
1147
1150
1153
1155
1156
1157
1158
1159
1160
1161
1162
1163
1164
1165
1168
1169
1170
1171
1174
1175
1177
1178
1179
1181
1183
1185
1187
1188
1189
1192
1194
1195
1196
1198
1200
1203
1204
1205
1208
1209
1210
1211
1212
1213
1214
1215
1216
1217
1218
1219
1220
1221
1222
1223
1225
1226
1227
1229
1230
1231
1232
1233
1234
1236
1237
1238
1241
1242
1246
1248
1249
1252
1253
1255
1257
1258
1262
1263
1264
1265
1266
1267
1268
1269
1270
1271
1272
1273
1275
1276
1277
1278
1280
1283
1284
1285
1286
1288
1289
1290
1291
1293
1294
1296
1297
1298
1300
1301
1302
1305
1306
1307
1308
1309
1310
1311
1312
1313
1314
1315
1316
1317
1318
1319
1320
1321
1323
1324
1325
1326
1327
1328
1329
1331
1333
1335
1337
1339
1340
1341
1348
1381
1394
1400
1410
1413
1416
1417
1419
1422
1423
1424
1429
1430
1431
1432
1433
1434
1435
1436
1437
1440
1444
1446
1447
1450
1452
1453
1454
1455
1457
1458
1459
1460
1462
1465
1466
1467
1468
1470
1471
1474
1479
1480
1481
1488
1493
1494
1495
1496
1497
1498
1500
1501
1502
1503
1504
1505
1506
1507
1508
3448
3456
3467
3472
3476
3486
3493
3494
3500
3510
3583
3625
3673
3690
3691
3731
3734
3735
3737
3772
3789
3790
3797
3808
3914
3928
3929
3933
3958
3977
4006
4038
4041
4056
4063
4074
4081
4093
4095
4102
4105
4115
4139
4159
4160
4172
4177
4185
4192
4198
4202
4211
4218
4225
4231
4244
4258
4287
4291
4292
4303
4313
4319
4321
4340
4357
4376
4379
4381
4382
4406
4447
4497
4545
4550
4560
4596
4608
4625
4635
4639
4648
4658
4659
4664
4679
4680
4713
4749
4765
4775
4785
4788
4792
4794
4799
4801
4812
4826
4827
4828
4830
4833
4841
4871
4885
4915
4955
4956
4976
4977
4978
4979
4982
4989
5103
5127
5131
5136
5145
5158
5164
5166
5176
5183
5185
5188
5201
5206
5207
5228
5246
5267
5269
5276
5289
5293
5307
5308
5311
5319
5324
5333
5347
5355
5368
5409
5421
5424
5432
5438
5450
5475
5483
5507
5521
5532
5541
5573
5587
5604
5613
5661
5711
5719
5742
5772
5778
5780
5787
5788
5815
5822
5840
5848
5849
5850
5851
5854
5904
5911
5933
5934
5937
5940
5941
5944
5955
5960
5982
5983
5994
5998
6001
6008
6009
6012
6019
6020
6031
6039
6059
6076
6139
6147
6174
6209
6222
6223
6234
6244
6248
6252
6253
6265
6271
6288
6289
6290
6388
6419
6426
6506
6511
6527
6530
6531
6547
6612
6645
6647
6649
6662
6663
6664
6668
6692
6699
6708
6718
6721
6722
6727
6732
6733
6739
6775
6776
6789
6792
6796
6802
6807
6810
6819
6820
6824
6842
6848
6852
6853
6854
6855
6856
6857
6876
6878
6880
6883
6900
6907
6909
6916
6919
6923
6938
7052
7117
7120
7144
7194
7203
7239
7280
7292
7316
7317
7330
7347
7352
7369
7380
7386
7429
7469
7474
7484
7517
7521
7540
7547
7572
7576
7584
7585
7603
7606
7626
7630
7656
7664
7693
7700
7705
7706
7714
7737
7738
7747
7763
7764
7773
7780
7799
7800
7801
7802
7803
7846
7851
7874
7895
7900
7931
7949
7954
7958
7960
7961
7967
7971
7972
7981
7985
7986
7988
7997
8011
8022
8024
8025
8045
8078
8083
8086
8091
8093
8103
8105
8106
8107
8112
8116
8117
8118
8148
8171
8176
8181
8182
8199
8218
8223
8228
8234
8239
8243
8262
8263
8265
8267
8269
8280
8295
8301
8309
8310
8325
8335
8336
8337
8361
8370
8398
8401
8415
8418
8423
8427
8430
8441
8473
8507
8515
8529
8547
8558
8559
8576
8586
8591
8619
8625
8673
8684
8686
8691
8692
8705
8706
8708
8712
8718
8727
8733
8735
8739
8751
8753
8762
8770
8773
8774
8783
8790
8792
8800
8801
8820
8821
8823
8824
8825
8848
8858
8859
8866
8867
8911
8939
8951
8956
8963
8965
8968
8975
8981
8982
8984
8995
9008
9009
9053
9062
9063
9068
9072
9078
9088
9120
9128
9136
9171
9181
9182
9183
9190
9191
9192
9193
9194
9196
9197
9225
9253
9265
9289
9294
9303
9304
9308
9316
9317
9330
9334
9352
9376
9418
9428
9431
9445
9448
9508
9509
9515
9525
9526
9528
9566
9567
9572
9607
9614
9627
9641
9680
9683
9689
9695
9720
9721
9725
9731
9740
9748
9753
9756
9765
9771
9787
9791
9819
9821
9830
9834
9836
9844
9845
9877
9881
9882
9913
9924
9928
9939
9941
9944
9953
9957
9959
9967
9977
9980
9984
9987
10015
10017
10022
10037
10044
10059
10069
10079
10130
10213
10302
10332
10344
10362
10369
10387
10411
10454
10468
10566
10581
10619
10620
10642
10669
10682
10701
10703
10723
10746
10770
10773
10785
10803
10841
10868
10915
10981
10998
11007
11054
11084
11100
11123
11124
11143
11165
11173
11191
11203
11212
11223
11226
11251
11270
11289
11293
11306
11307
11310
11312
11316
11319
11360
11387
11398
11418
11419
11421
11427
11453
11456
11458
11461
11463
11492
11497
11498
11499
11500
11505
11524
11525
11530
11580
11595
11632
11656
11658
11662
11669
11673
11679
11690
11710
11717
11726
11731
11751
11752
11753
11756
11762
11783
11792
11794
11798
11799
11802
11807
11808
11813
11815
11824
11838
11841
11843
11883
11889
11893
11900
11903
11917
11918
11920
11922
11923
11926
11927
11956
11958
11968
11978
11979
11986
11996
12016
12032
12036
12054
12056
12068
12069
12075
12077
12080
12089
12098
12100
12103
12137
12164
12218
12228
12249
30365
30382
30384
30388
30391
30393
30426
30428
30431
30481
30486
30522
30536
30571
30585
30587
30588
30589
30591
30592
30594
30595
30603
30606
30614
30625
30629
30630
30631
30633
30634
30641
30648
30649
30650
30667
30668
30669
30670
30671
30673
30680
30684
30689
30692
30695
30696
30700
30701
30702
30704
30707
30708
30709
30710
30712
30713
30717
30718
30719
30720
30721
30726
30760
30762
30763
30767
30768
30769
30771
30773
30774
30775
30776
30777
30778
30779
30781
30782
30783
30784
30785
30786
30787
30788
30790
30791
30792
30793
30808
30824
30830
30831
30840
30845
30859
30860
30861
30862
30864
30865
30896
30897
30907
30929
30940
30963
30972
30973
30976
30990
31008
31017
31023
31027
31034
31038
31040
31041
31042
31043
31046
31048
31051
31052
31053
31082
31091
31093
31098
31100
31115
31125
31130
31171
31172
31210
31212
31249
31258
31263
31273
31277
31278
31279
31280
31291
31294
31307
31313
31314
31325
31326
31327
31334
31335
31336
31340
31345
31349
31351
31352
31366
31369
31373
31374
31387
31400
31401
31404
31405
31406
31413
31416
31417
31418
31419
31426
31434
31435
31438
31445
31451
31454
31463
31470
31473
31497
31508
31546
31556
31561
31568
31581
31599
31609
31610
31636
31643
31644
31647
31652
31654
31658
31670
31674
31685
31686
31693
31719
31724
31725
31740
31741
31745
31750
31756
31763
31768
31781
31784
31788
31792
31793
31831
31840
31860
31861
31864
31865
31866
31868
31886
31887
31888
31889
31891
31892
31897
31899
31904
31908
31917
31924
31972
31985
32008
32009
32011
32012
32013
32014
32021
32022
32049
32050
32051
32054
32062
32133
32135
32140
32141
32142
32161
32164
32178
32204
32219
32225
32226
32228
32229
32230
32235
32236
32237
32253
32254
32255
32256
32268
32274
32302
32316
32348
32350
32356
32357
32358
32359
32361
32362
32363
32365
32366
32367
32369
32370
32375
32378
32380
32381
32383
32384
32385
32386
32388
32389
32400
32401
32412
32413
32430
32442
32453
32459
32474
32488
32492
32493
32494
32495
32497
32508
32510
32525
32556
32574
32577
32580
32581
32595
32598
32599
32616
32668
32672
32700
32704
32707
32716
32727
32728
32730
32734
32735
32775
32869
32877
32878
32888
32900
32901
32906
32910
32954
32988
32989
33006
33008
33027
33033
33034
33058
33075
33076
33088
33114
33128
33137
33141
33147
33149
33160
33181
33184
33193
33200
33215
33246
33260
33288
33295
33306
33319
33325
33328
33330
33334
33340
33343
33355
33358
33361
33367
33380
33382
33383
33386
33392
33393
33404
33405
33413
33417
33462
33510
33515
33516
33517
33524
33533
33543
33560
33571
33597
33599
33861
33908
33969
33971
33976
33988
33993
33996
33998
34000
34007
34012
34019
34021
34022
34050
34072
34089
34112
34114
34128
34140
34184
34196
34198
34199
34204
34218
34235
34246
34258
34272
34273
34281
34282
34297
34317
34348
34353
34357
34393
34397
34399
34451
34454
34562
34565
34582
34620
34624
34626
34632
34633
34636
34639
34654
34655
34656
34658
34660
34665
34692
34707
34714
34722
34734
34735
34745
34747
34751
34765
34769
34773
34774
34855
34857
34876
34878
34887
34888
34890
34916
34922
34923
34928
34935
34947
34959
35019
35024
35063
35065
35066
35067
35075
35080
35107
35129
35151
35153
35155
35161
35162
35176
35184
35185
35321
35352
35375
35389
35390
35391
35393
35405
35434
35454
35455
35461
35483
35584
35642
35672
35780
35798
35820
35860
35864
35865
35877
35878
35914
35915
35923
35939
35982
36040
36042
36043
36084
36102
36142
36171
36174
36201
36222
36277
36298
36306
36307
36349
36362
36365
36386
36447
36450
36526
36556
36607
36638
36639
36641
36656
36671
36672
36673
36674
36677
36750
36755
36913
36922
36924
37003
37132
37306
37309
37311
37335
37366
37390
37511
37513
37516
37527
37531
37563
37632
37633
37889
37959
38126
38143
38161
38177
38203
38233
38301
38312
38313
38365
38376
38377
38407
38416
38514
38537
38548
38572
38573
38575
38601
38605
38608
38614
38640
38724
38727
38729
38796
38885
38887
39034
39085
39087
39089
39323
39490
39495
39557
39595
39622
39629
39640
39693
39694
39719
39986
40038
40074
40163
40252
40268
40363
40413
40436
40611
40692
40767
87717
87721
87947
87960
88364
89044
89546
90341
90364
90817
90970
91013
91321
91856
91994
92162
92181
92229
92457
92697
93083
93096
93099
93111
93473
93535
93637
93643
93644
93748
93754
93761
93860
93905
94047
94051
94275
94291
94309
94325
94331
94333
94334
94335
94336
94339
94359
94367
94392
94435
94443
94457
94665
94717
94726
94738
94745
94747
94753
94755
94821
94864
94870
94892
95058
95064
95065
95067
95231
95234
95272
95293
95308
95310
95376
95415
95492
95508
95512
95626
95674
95726
95732
95741
95742
95743
95745
95746
95747
95748
95749
95810
95825
95836
95892
95938
96092
96094
96097
96099
96106
96128
96139
96142
96150
96157
96162
96165
96167
96171
96174
96204
96266
96274
96463
96506
96849
97026
97041
97077
97088
97112
97131
97316
97334
97581
97585
97620
97721
97795
97848
98032
98052
98116
98163
98182
98248
98249
98309
98357
98444
98454
98476
98486
98487
98529
98534
98572
98586
98590
98599
98666
98823
98925
98930
99026
99027
99031
99085
99098
99107
99120
99156
99312
99324
99390
99392
99403
99410
99445
99503
99741
99750
99774
99829
99877
100143
100196
100219
100317
100318
100434
100557
100562
100640
101752
101897
102154
102165
102208
103062
103185
103488
103489
103707
103871
103872
103881
103885
103888
103907
103911
103934
103959
103997
104009
104010
104041
104051
104069
104077
104086
104160
104163
104183
104189
104250
104260
104321
104342
104359
104383
104387
104413
104454
104479
104541
104543
104546
104547
104600
104639
104649
104655
104668
104704
104774
105173
105239
105521
105575
105603
105711
105744
105898
106029
106112
106128
106154
106214
106279
106296
106342
106374
106375
106376
106385
106405
106408
106410
106411
106413
106414
106415
106416
106421
106425
106461
106958
107049
107050
107060
107101
107118
107310
107311
107312
107319
107347
107365
107377
107404
107466
107475
107535
107552
107553
107554
107555
107556
107557
107568
107579
107587
107590
107642
107660
107694
107697
107712
107797
107805
107827
107832
107833
107849
107854
107855
107858
107881
107899
107901
107965
107970
107972
107974
107977
107982
107985
107986
107995
107996
108083
108102
108108
108116
108117
108118
108122
108123
108130
108134
108141
108150
108159
108160
108341
108346
108474
108548
108588
108605
108606
108690
108728
108780
108799
108854
108931
108964
108983
108985
108993
109268
109290
109302
109311
109360
109482
109483
109508
109832
109907
109908
109978
110259
110453
110540
110541
110651
110686
110687
110751
110795
110812
110859
110868
111016
111232
111405
111529
111532
111540
111710
111711
112036
112037
112078
112089
112142
112202
112232
112235
112367
112584
112672
112732
112761
112895
112986
112989
113008
113016
113172
113222
113314
113329
113358
113362
113363
113367
113369
113457
113809
114096
114184
114292
114295
114321
114454
114486
114487
114488
114510
114652
114866
114883
114904
114960
114977
114999
115037
115058
115059
115165
115214
115230
115332
115676
116237
116327
116804
117463
117482
117492
117988
118092
118129
118195
118262
118439
118442
118497
118564
118567
118568
118644
118649
118680
118690
118692
118693
118708
118733
118735
118822
119007
119043
119046
119215
119226
119267
119350
119391
119410
119513
119514
119636
119643
119645
119650
119656
119657
119659
119673
119676
119724
119775
119808
119826
119831
119834
119844
119847
119885
119971
120033
120103
120144
120200
120309
120345
120749
120824
120829
120847
120890
120986
121109
121413
121718
121720
121727
121760
121774
121828
121831
121880
121881
121935
121936
121965
121967
121978
122180
122242
122301
122518
122541
122620
122684
122808
122831
122832
123310
123311
123312
123313
123383
123444
123509
123510
123697
123698
123893
123921
123954
124045
124079
124080
124098
124119
124124
124129
124255
124368
124382
124419
124550
124613
124655
124761
125073
125075
125275
125487
125509
125510
125512
125703
125973
125986
126018
126122
126171
126877
127025
127272
127322
127323
127602
127613
127846
127996
128074
128323
128710
128907
129334
129528
129639
129783
129948
130130
130157
130177
130508
131195
131426
132450
132451
132730
132767
132771
132913
133046
133145
133588
133815
133834
133925
133968
133975
134084
135248
135596
136005
136269
136271
136704
136832
137466
137716
137747
138452
138504
138713
138858
139141
139159
139160
139428
139742
139825
139949
139957
140134
140235
140459
140851
142400
142402
142672
142755
143194
143385
143515
143537
143622
143801
143804
143923
146071
146231
146248
146417
147262
147688
148378
148774
149266
149648
149809
150526
150528
150899
151081
151524
151546
151650
151705
152444
152490
152844
153163
153264
153387
153439
154526
154668
154964
154968
156406
156466
156624
156673
157059
158911
159062
159626
159777
161733
161888
161892
161966
162141
162302
162368
162686
163597
163598
163603
163608
163609
163903
164171
164175
165277
166290
166528
167103
167434
169032
169177
169179
170036
172574
172596
172884
173001
173500
174167
174194
174569
174600
175124
175197
175588
175670
175786
176582
176610
176611
176653
176982
177751
178603
179275
179276
180040
180058
180280
180490
180762
181052
181137
181198
181219
181220
181354
181460
181469
181525
181683
181823
182310
183358
183365
184151
184439
184532
184800
185643
185752
186343
186641
186828
186906
186910
187479
187676
188392
188402
188513
188691
188708
188890
190020
190290
190312
190313
190315
190316
190317
190369
190888
190890
191196
191327
191338
191343
191345
191346
191945
192133
192901
193450
193460
193505
193980
194037
194738
195469
195939
195956
196074
196107
196252
196416
196558
196929
197303
199093
199096
199156
199691
200092
200116
200209
200288
200370
200546
200684
200726
200967
200968
201077
201190
201235
201801
202466
202887
202908
203095
203332
203488
203657
204328
204503
204528
204529
204585
204708
204768
206047
206069
206479
206486
206655
207544
207667
207816
207851
208060
208088
208497
208630
208687
208694
208768
209288
209604
209658
209668
209723
209977
209978
210137
210898
211209
211339
211364
211366
212133
212254
212915
212986
213145
214122
214272
214305
214307
214369
214414
214437
214803
216015
216017
216448
216452
216500
216502
216784
216853
216910
217232
217251
217269
217801
217823
218094
219079
219331
219437
219643
219650
219794
219796
219806
219933
219972
220082
220374
220402
220746
220748
220751
221158
221460
221600
221722
221833
222189
222936
223469
223546
224726
224731
224961
225408
225833
226655
226856
226952
227672
227981
228118
228130
228136
228143
228145
228227
228503
228672
228865
229001
229039
229074
229421
229424
229551
229911
230040
230925
231144
231336
231549
231551
231584
231721
231725
231793
231795
231854
232988
232992
232993
232995
233495
233754
233995
234006
234459
234467
234989
235470
235677
235793
235965
236095
236096
236147
236351
236958
237703
237705
237714
237830
238397
238724
238725
238728
238851
239166
239497
240046
240275
241195
241517
242114
242219
242379
242721
245424
245693
245851
245853
245866
245950
246103
246413
246565
247287
247603
247741
248045
248532
249157
249289
249570
250272
250597
251535
252023
252645
252724
252752
252824
253627
253737
253913
253914
253995
254145
254261
254274
254275
255009
255399
255725
256213
256296
256422
256595
257264
257691
257850
258168
258491
258728
258739
259149
259175
259199
259282
259289
259802
259945
260077
260173
260187
260505
260568
260660
261366
261650
261708
261756
261959
261979
262220
262223
262282
262318
262355
262774
262834
263773
263980
264080
264516
264735
264772
265076
265271
265563
265892
266333
267511
267899
268238
269102
269174
269708
269738
269746
269812
269897
269974
270485
270589
270617
271454
271498
271514
271953
271956
272177
272871
272987
273355
273584
273934
274455
274784
275051
275064
275067
275070
277470
278033
279217
280353
281791
282083
282822
282892
282920
283651
283711
284374
285542
285624
285742
285935
286244
286816
288207
288488
289277
289862
290585
290713
290802
290840
291338
291383
291475
292598
292600
293175
293878
295207
295316
296270
296341
296427
296881
296909
297047
297154
297156
297572
297655
297829
298364
298552
298581
298583
298584
298590
298834
298865
299113
299155
299242
299524
299616
299794
300023
300106
300339
300636
300970
301175
301330
302192
302429
302618
303289
305027
305388
305474
306287
306521
306522
306965
310768
311443
311861
312016
313169
313990
316686
316785
317089
317539
317857
317900
318187
318437
318471
318672
318862
318868
319682
319723
320377
320676
320890
321622
321650
321837
322573
322614
322665
322815
322874
323196
323838
323906
324190
324810
325047
325332
325418
325831
326046
326488
327449
328341
328812
329991
330332
330489
331014
331208
331261
331270
331608
331618
333179
333922
334477
334999
335332
335340
336379
336392
336437
336820
337035
337354
337366
337532
337690
338040
338318
338362
338799
339345
339949
340187
340899
341044
341466
341516
341745
342997
343217
343257
343448
343872
345491
345700
345840
345957
345997
346475
346554
346814
347484
347509
348154
348577
349210
349326
349500
349590
349764
349941
350382
350923
351408
351528
353309
353513
355177
356973
360916
361894
362598
363036
363042
363364
365249
366721
367031
369170
369419
369650
370554
370572
370628
371185
371288
371515
371687
371690
371920
372601
372807
374034
374529
374634
375455
375547
375629
375640
375719
375721
375787
375872
376048
376049
376117
376118
376957
378865
379398
379766
379807
381109
381265
381328
381854
382373
382375
382383
382525
382751
383881
384333
385651
385777
385852
386028
386263
387672
387831
389180
389424
389879
391382
391528
391798
392198
392224
392933
393102
393366
393442
393689
394018
394102
394190
394356
394386
394398
394984
395258
395554
395595
395641
395824
395846
395881
395895
395980
396579
396969
397071
399213
399264
399298
399300
399328
399367
399559
399692
399746
399924
400162
400680
400691
400788
400815
400842
400843
400970
401060
401083
401089
401100
401436
401773
402798
402989
403524
405077
405527
406163
406378
407005
408323
408412
410838
411063
411099
411302
411786
412033
412640
413911
416306
416984
417531
417605
418952
418956
418967
419050
419238
419590
419773
419862
420136
420435
420439
420755
421524
422895
424416
424981
425257
425641
425673
425990
426062
426597
426598
427194
427201
427379
427821
427887
428231
428468
429014
429403
429713
430342
430428
430661
430668
430823
430851
430867
430928
431006
431046
431889
431915
432128
432410
432419
432901
432908
433116
433313
433359
433433
433650
433913
433961
434009
434046
434190
434384
434429
434753
436696
436704
436999
437158
437363
437521
437558
437652
437710
438099
438153
438423
438916
439584
439861
439908
440586
440754
441552
441997
441998
442004
442563
442784
442795
442915
442988
443101
443327
443522
443597
443610
443860
444345
444400
444424
445353
446373
446445
447398
447568
447623
447667
448247
448527
448713
449229
449390
449935
449973
450178
450210
450356
450390
450858
450904
450915
451055
451059
451241
451243
451244
451428
451434
451598
452084
452169
452679
452824
452889
453210
453245
453515
453684
453743
453795
453802
453831
453909
453958
454005
454153
457545
458309
458654
458759
458789
458791
459178
459266
459291
459569
459786
459921
459973
459974
460019
460044
460047
460220
460239
460941
461032
461432
461504
461734
461946
462257
462258
462441
462544
462549
463042
463226
463328
463351
463455
463601
463637
463661
463952
464040
464212
464231
464256
464478
464479
464544
464702
465102
465240
465494
465594
465645
465674
465816
465818
465839
465857
465860
466045
466092
466366
466475
466573
466637
466716
466930
467091
467100
467127
467136
467145
467191
467339
467340
467341
467384
467482
467539
467672
467785
467792
468032
468065
468198
468252
468294
468296
468837
468990
469317
469365
469370
469473
469476
469509
469573
469733
469752
469759
469780
469867
469868
470207
470212
470293
470384
470402
470442
470457
470529
470641
470812
470880
471853
471948
472216
472258
472283
472390
472396
472754
472800
472866
473041
473044
473111
473122
473271
473314
473520
473563
473756
473779
473865
473987
474079
474262
474465
474708
474842
474940
474995
475132
475159
475202
475377
475684
475754
475812
475848
475937
475975
476021
476192
476220
476276
476475
476580
476848
476899
477273
477417
477853
477990
478112
478170
478253
478366
478426
478458
478469
478475
478478
478499
478702
479106
479108
479133
479183
479260
479270
479538
479701
479704
479730
479844
479892
480036
480366
480548
480582
480650
480688
480762
480806
480867
480993
481059
481128
481231
481330
481898
481963
482288
482376
482468
482581
482807
482808
483073
483087
483174
483333
483335
483446
483481
483509
483528
483760
483796
484033
484120
484163
484288
484295
484297
484466
484600
484601
484627
484714
485468
485474
485620
485629
485716
485787
485802
485856
485877
486005
486130
486313
486763
486822
486826
486991
487211
487300
487409
487478
487563
487684
487726
487834
487835
487915
488197
488486
488603
488821
489066
489264
489280
489634
489641
489725
489730
489795
489805
489914
490321
490328
490479
490549
490788
490838
490840
490841
490878
490881
490918
490965
491042
491118
491155
491277
491321
491331
491360
491384
491487
491715
491798
491960
492133
492143
492237
492300
492412
492645
492946
493189
493235
493377
493402
493475
493609
493635
493647
493700
493807
493898
493914
493926
493952
494084
494092
494538
494642
494685
494774
494846
494916
494920
494961
495247
495313
495449
495616
495689
495704
495827
495847
496139
496156
496384
496469
496486
496833
496917
497827
498509
498669
498675
498684
498730
498798
498821
499042
499222
499338
500497
500688
500868
500869
500891
500917
501087
501097
501262
501265
501455
501766
501862
501864
501868
501993
502112
502282
502583
502686
502713
502782
502797
502884
502972
502994
503114
503156
503173
503386
503736
503834
504129
504239
504470
504562
504602
504631
504675
504776
504903
504947
505004
505014
505181
505298
505402
505440
505608
505953
505976
506212
506388
506657
506756
506803
506848
506883
506891
506934
507060
507106
507169
507364
507421
507438
507609
507623
508028
508038
508039
508047
508270
508355
508494
508796
508839
508927
509402
509652
509760
509843
509889
510555
510953
512263
512751
512784
512873
513277
513781
513794
513964
514307
514675
515048
515362
517059
517114
517396
517573
518040
518115
518872
519227
519774
519906
519920
519941
519960
520698
520788
520790
520860
520943
521206
521352
521416
521783
521887
521911
522361
522827
523002
523230
523259
523620
523829
524303
525079
525620
525889
525892
526137
526405
526554
526732
526798
527134
527141
527347
527534
527729
527751
527752
527776
527837
528258
528324
528992
529619
530029
530613
530650
530732
530950
531431
531590
531760
531962
532261
532614
532942
533274
534068
534418
534779
535756
535786
535943
536242
536312
536413
536517
536623
536768
536959
537022
537050
537074
537177
537189
537275
537460
537547
537558
537562
538009
538217
538557
538571
538720
538756
539072
539094
539161
539270
539302
539509
539510
539594
539632
540333
540501
540786
540909
541045
541210
541346
541885
542342
542409
542576
542621
542714
542745
543829
544006
544035
544183
544185
544545
544627
545023
545083
545259
545486
545488
545796
545891
545895
546034
546049
546202
546529
546931
546975
547000
547035
547156
547185
547189
547275
547450
547745
547977
548163
548252
548326
548378
548491
548677
548767
548865
549082
549085
549728
550100
550470
550879
551146
551232
551288
551616
554545
554556
554657
554720
554803
554812
554851
555037
555043
555086
555349
555487
555859
556038
556062
556174
556376
556399
556429
556595
556612
556737
556864
556929
556934
556945
556990
557330
557360
557434
557479
557512
557515
557619
557897
557992
558083
558175
558178
558338
558413
558565
558695
558709
558792
558807
558939
558960
559065
559195
559196
559483
559494
559526
559539
559602
559694
559816
559840
559895
560009
560067
560109
560177
560189
560560
560779
561006
561010
561222
561418
561591
561856
561957
562154
562264
562509
562600
562677
562820
562954
563042
563139
563280
563303
563444
563486
563771
563822
563992
564161
564186
564225
564230
564462
564694
564833
564967
565112
565126
565162
565167
565372
565378
565637
565952
565989
566036
566131
566140
566390
566438
566501
566529
566646
566793
566871
567009
567127
567359
567609
567860
567936
567959
568195
568200
568216
568225
568226
568255
568289
568581
568905
569151
569166
569447
569550
569908
570380
570439
570521
570841
570957
570991
571011
571031
571114
571188
571418
571888
571889
571914
572310
572325
572459
572635
572639
572650
572703
572763
572926
573524
573693
573838
573864
573935
574322
575225
575538
575629
575916
575936
575967
576014
576175
576938
576962
577581
577622
577958
578173
578577
579290
579478
580280
580478
580710
580746
580801
581986
582365
582655
582678
583006
583064
583232
583305
583309
583390
583507
583560
583649
583704
584251
584455
585726
586153
586390
586520
586583
586584
587143
587175
587177
587324
587358
587468
587727
587746
587804
588273
589034
589666
589952
590394
590595
590629
590762
591734
592692
592693
592775
592843
592905
592999
593914
593957
593984
594155
594357
594358
594842
595004
595010
595348
595351
595358
595547
595571
595629
595630
595770
596084
596202
596286
596817
596988
597097
597098
597224
597349
597615
597664
597724
597739
597895
597943
597949
597971
598628
598657
598981
599050
599051
599540
599554
599595
599742
599836
600244
600374
600541
600590
600964
601098
601282
601348
601430
601499
601690
601817
601842
601855
601988
601997
602026
602101
602339
602447
602585
603080
603082
603172
603228
603260
603315
603622
603776
603781
603823
603832
603850
603904
603930
603978
604188
604523
604906
605001
605096
605169
605641
605700
605868
605870
605872
605874
605963
605964
605965
605968
606064
606065
606066
606070
606085
606182
606189
606340
606342
606348
606542
606582
606583
606777
606778
606779
606824
606984
607023
607024
607039
607106
607122
607268
607382
607536
607549
607562
607794
607890
607930
607936
608004
608014
608021
608105
608106
608108
608109
608113
608118
608124
608125
608135
608184
608238
608245
608246
608247
608361
608432
608434
608435
608436
608437
608438
608439
608442
608443
608444
608445
608446
608456
608586
608587
608589
608591
608592
608593
608594
608595
608597
608600
608601
608602
608603
608604
608612
608615
608619
608622
608721
608725
608726
608737
608888
609045
609587
609641
609642
609699
609757
609767
609908
609966
610063
610178
610244
610597
611072
611080
611112
611120
611122
611176
611195
611264
611288
611322
611395
611569
611676
611927
611948
612048
612189
612342
612424
612872
612896
612991
613126
613260
613261
613271
613320
613364
613510
613601
614165
614257
614352
614988
615202
615608
615943
616092
616115
616141
616381
616571
616779
616928
616947
617117
617120
617373
617374
618075
618354
618823
618960
618967
619201
619561
619729
619857
619894
619908
620036
620185
620286
620533
620541
620649
620791
621372
621676
621733
622009
622028
622159
622162
622289
622318
622476
622564
622754
622913
623250
623660
623743
623761
623838
623874
623887
624034
624160
624224
624231
624294
624418
624440
624521
624525
624592
624741
624742
624773
624792
624855
624882
624892
624920
625007
625060
625065
625092
625143
625238
625386
625402
625417
625623
625680
625832
625896
625905
626318
626816
626934
626983
627028
627100
627109
627156
627173
627333
627352
627415
627420
627478
627511
627599
627751
627908
627920
627942
628169
628207
628248
628262
628311
628314
628324
628546
628616
628710
628786
628815
628894
628906
629025
629067
629106
629121
629125
629133
629224
629238
629366
629392
629445
629466
629476
629520
629688
629764
629779
629780
629789
629795
629797
629851
630028
630041
630088
630714
630781
630798
630808
630823
630833
630888
630909
630988
630993
631143
631256
631551
631588
631631
631979
632172
632382
632419
632560
632733
632754
632916
633128
633150
633417
633464
633570
633625
633726
633853
634181
634647
634694
634796
635084
635169
635582
635863
636044
636227
636341
636531
637000
637019
637247
637303
637408
637730
637823
637831
637875
637907
638036
638081
638157
638531
638614
638714
639250
639536
639558
639844
639947
639953
640116
640195
640247
640318
640445
640446
640699
640882
640891
641521
642049
642590
643054
643176
643321
643366
643593
643609
643758
643796
643852
643855
643860
643872
644005
644019
644054
644064
644133
644179
644408
644432
644471
644473
644574
644580
644652
644737
644764
644817
645113
645151
645255
645341
645355
645470
645514
645653
645696
645786
645872
645955
645967
645975
646045
646395
646509
646687
646697
646707
646794
646805
647176
647202
647563
647657
647739
647835
648127
648169
648179
648190
648249
648292
648375
648849
648940
648982
649564
649608
649711
649905
650236
650378
650399
650619
650690
650890
650930
651141
651174
651260
651356
651383
651443
651592
651613
651823
651830
651926
651932
652101
652252
652377
652435
652536
652571
652789
652832
652964
653414
653607
653659
653727
654010
654013
654022
654140
654281
654292
654406
654413
654721
654970
655048
655158
655221
655358
655364
655542
655591
655615
655701
655740
655799
655844
655878
655968
655978
656008
656040
656289
656508
656595
656677
656778
656831
656893
657154
657155
657170
657207
657525
657658
657675
657700
657859
657891
658043
658071
658130
658236
658317
658470
658566
658802
658833
658871
658891
659015
659055
659080
659116
659237
659452
659455
659676
659803
659861
659911
660248
660365
660451
660703
660758
660827
661015
661331
661371
661388
661488
661550
661633
661745
661776
661817
661871
661927
661974
662081
662085
662102
662167
662224
662242
662289
662460
662462
662494
662745
662836
662876
662945
663000
663039
663115
663259
663388
663735
663785
663821
663958
664117
664146
664257
664609
664693
664884
664897
664974
665080
665399
665400
665427
665743
665898
665908
666170
666215
666433
666689
666735
666828
666870
667028
667242
667468
667925
668019
668214
668347
668399
668815
668819
669073
669147
669160
669668
669681
670003
670316
670592
670682
671049
671050
671051
671074
671333
671554
671577
671617
671707
671824
671888
672274
672278
672544
672723
672786
673091
673404
673541
673946
674146
674255
674480
674539
674638
674704
675642
676101
676339
676364
676755
677512
677578
677753
677880
677970
678087
678251
678523
678591
678629
678631
678657
679120
679417
679424
679701
679854
680342
680371
680413
680478
680486
680572
680642
680676
680709
680719
680737
680805
680870
680981
681141
681318
681377
681561
681641
681825
682011
682014
682018
682082
682088
682170
682191
682272
682398
682655
682889
682966
683180
683482
683515
683563
683632
683854
683941
684049
684133
684356
684445
684590
684721
684792
684846
684901
684980
685069
685080
685110
685183
685281
685359
685373
685442
685538
685624
685670
685838
686358
686359
686419
686549
686639
686651
686777
686778
687065
687079
687198
687215
687275
687408
687554
687662
687674
687676
687690
687712
687846
688190
688289
688320
688360
688373
688472
688520
688536
688673
688772
688850
688941
689083
689329
689459
689471
689545
689586
689850
690058
690091
690114
690291
690384
690404
690820
691078
691095
691211
691793
691862
691927
692191
692469
692649
692843
692964
693053
693065
693142
693177
693468
693605
693758
693851
693944
693978
694062
694076
694246
694348
694371
694378
694518
694545
694782
694958
695003
695281
695338
695399
695409
695452
695454
695571
695610
695659
695696
695721
695952
695993
696071
696196
696381
696433
696637
696941
697120
697132
697182
697211
697341
697374
697469
697470
697529
697645
697710
697720
697953
698051
698052
698138
698144
698178
698186
698207
698422
698547
698647
698847
698878
698972